188.978	2.25
189.45	2.25
189.922	2.25
190.394	-8.75
190.866	-10.75
191.338	3.25
191.81	5.25
192.282	-10.75
192.753	-3.75
193.225	24.25
193.697	-6.75
194.169	-2.75
194.641	-5.75
195.112	11.25
195.584	-1.75
196.056	-4.75
196.527	11.25
196.999	-1.75
197.471	-6.75
197.942	9.25
198.414	8.25
198.885	12.25
199.357	8.25
199.828	0.25
200.3	18.25
200.771	28.25
201.243	-8.75
201.714	24.25
202.186	17.25
202.657	-0.75
203.128	9.25
203.6	12.25
204.071	16.25
204.542	11.25
205.013	18.25
205.485	13.25
205.956	27.25
206.427	11.25
206.898	15.25
207.369	15.25
207.84	5.25
208.311	9.25
208.782	0.25
209.254	12.25
209.725	14.25
210.196	-6.75
210.666	10.25
211.137	32.25
211.608	12.25
212.079	-1.75
212.55	1.25
213.021	25.25
213.492	5.25
213.963	-15.75
214.433	24.25
214.904	23.25
215.375	7.25
215.846	12.25
216.316	20.25
216.787	7.25
217.258	-5.75
217.728	-1.75
218.199	2.25
218.669	23.25
219.14	17.25
219.61	16.25
220.081	9.25
220.551	8.25
221.022	-2.75
221.492	13.25
221.963	19.25
222.433	2.25
222.903	3.25
223.374	15.25
223.844	23.25
224.314	-1.75
224.785	-0.75
225.255	20.25
225.725	7.25
226.195	1.25
226.665	9.25
227.136	24.25
227.606	18.25
228.076	7.25
228.546	23.25
229.016	39.25
229.486	18.25
229.956	2.25
230.426	13.25
230.896	20.25
231.366	9.25
231.836	-5.75
232.306	4.25
232.776	27.25
233.245	-5.75
233.715	1.25
234.185	8.25
234.655	9.25
235.125	8.25
235.594	-5.75
236.064	26.25
236.534	14.25
237.003	1.25
237.473	14.25
237.943	40.25
238.412	16.25
238.882	8.25
239.351	0.25
239.821	14.25
240.29	16.25
240.76	15.25
241.229	1.25
241.699	30.25
242.168	0.25
242.638	-0.75
243.107	12.25
243.576	22.25
244.046	15.25
244.515	32.25
244.984	19.25
245.453	27.25
245.923	11.25
246.392	4.25
246.861	32.25
247.33	15.25
247.799	-3.75
248.268	19.25
248.737	17.25
249.206	13.25
249.675	2.25
250.144	12.25
250.613	35.25
251.082	-2.75
251.551	13.25
252.02	35.25
252.489	27.25
252.958	8.25
253.427	-2.75
253.896	35.25
254.364	29.25
254.833	8.25
255.302	5.25
255.771	33.25
256.239	8.25
256.708	-6.75
257.177	9.25
257.645	20.25
258.114	20.25
258.583	19.25
259.051	17.25
259.52	22.25
259.988	10.25
260.457	2.25
260.925	12.25
261.394	-8.75
261.862	2.25
262.33	4.25
262.799	25.25
263.267	18.25
263.735	2.25
264.204	6.25
264.672	21.25
265.14	24.25
265.608	7.25
266.077	19.25
266.545	22.25
267.013	16.25
267.481	7.25
267.949	5.25
268.417	32.25
268.885	-2.75
269.353	6.25
269.822	4.25
270.289	8.25
270.757	7.25
271.225	4.25
271.693	24.25
272.161	36.25
272.629	4.25
273.097	5.25
273.565	23.25
274.033	10.25
274.5	8.25
274.968	23.25
275.436	26.25
275.904	14.25
276.371	6.25
276.839	11.25
277.307	3.25
277.774	-11.75
278.242	8.25
278.709	11.25
279.177	-0.75
279.644	16.25
280.112	14.25
280.579	43.25
281.047	21.25
281.514	3.25
281.982	34.25
282.449	33.25
282.916	15.25
283.384	18.25
283.851	17.25
284.318	19.25
284.786	15.25
285.253	7.25
285.72	22.25
286.187	22.25
286.654	6.25
287.122	13.25
287.589	36.25
288.056	22.25
288.523	20.25
288.99	6.25
289.457	33.25
289.924	33.25
290.391	15.25
290.858	12.25
291.325	29.25
291.792	35.25
292.259	8.25
292.725	19.25
293.192	21.25
293.659	12.25
294.126	1.25
294.593	1.25
295.059	23.25
295.526	14.25
295.993	14.25
296.459	34.25
296.926	15.25
297.393	-4.75
297.859	13.25
298.326	21.25
298.792	37.25
299.259	6.25
299.725	7.25
300.192	18.25
300.658	22.25
301.125	23.25
301.591	15.25
302.058	28.25
302.524	13.25
302.99	-0.75
303.457	30.25
303.923	24.25
304.389	2.25
304.855	25.25
305.322	16.25
305.788	23.25
306.254	5.25
306.72	21.25
307.186	14.25
307.652	30.25
308.118	2.25
308.584	29.25
309.05	23.25
309.516	16.25
309.982	16.25
310.448	7.25
310.914	12.25
311.38	24.25
311.846	20.25
312.312	24.25
312.778	47.25
313.244	-4.75
313.709	-0.75
314.175	22.25
314.641	18.25
315.107	10.25
315.572	10.25
316.038	17.25
316.504	29.25
316.969	17.25
317.435	7.25
317.9	19.25
318.366	13.25
318.831	13.25
319.297	22.25
319.762	20.25
320.228	-16.75
320.693	2.25
321.159	15.25
321.624	30.25
322.089	-4.75
322.555	4.25
323.02	9.25
323.485	29.25
323.951	11.25
324.416	-3.75
324.881	18.25
325.346	28.25
325.811	-1.75
326.276	10.25
326.742	52.25
327.207	21.25
327.672	9.25
328.137	22.25
328.602	44.25
329.067	19.25
329.532	14.25
329.997	19.25
330.462	28.25
330.926	17.25
331.391	8.25
331.856	28.25
332.321	27.25
332.786	19.25
333.251	21.25
333.715	25.25
334.18	26.25
334.645	10.25
335.109	9.25
335.574	23.25
336.039	25.25
336.503	7.25
336.968	18.25
337.433	25.25
337.897	19.25
338.362	13.25
338.826	15.25
339.291	50.25
339.755	3.25
340.219	16.25
340.684	33.25
341.148	23.25
341.612	11.25
342.077	9.25
342.541	21.25
343.005	29.25
343.47	7.25
343.934	8.25
344.398	35.25
344.862	17.25
345.326	-7.75
345.79	60.25
346.255	44.25
346.719	13.25
347.183	26.25
347.647	25.25
348.111	35.25
348.575	20.25
349.039	28.25
349.503	27.25
349.967	33.25
350.43	4.25
350.894	14.25
351.358	11.25
351.822	32.25
352.286	24.25
352.749	28.25
353.213	51.25
353.677	35.25
354.141	29.25
354.604	21.25
355.068	42.25
355.532	30.25
355.995	38.25
356.459	24.25
356.922	50.25
357.386	34.25
357.849	21.25
358.313	30.25
358.776	52.25
359.24	36.25
359.703	39.25
360.166	39.25
360.63	58.25
361.093	39.25
361.556	41.25
362.02	52.25
362.483	53.25
362.946	42.25
363.409	50.25
363.873	57.25
364.336	54.25
364.799	36.25
365.262	38.25
365.725	66.25
366.188	61.25
366.651	63.25
367.114	63.25
367.577	67.25
368.04	55.25
368.503	58.25
368.966	83.25
369.429	82.25
369.892	65.25
370.355	75.25
370.817	102.25
371.28	89.25
371.743	80.25
372.206	99.25
372.668	118.25
373.131	113.25
373.594	121.25
374.056	105.25
374.519	115.25
374.982	114.25
375.444	119.25
375.907	129.25
376.369	146.25
376.832	130.25
377.294	116.25
377.757	144.25
378.219	160.25
378.682	117.25
379.144	145.25
379.606	179.25
380.069	179.25
380.531	156.25
380.993	168.25
381.455	191.25
381.918	164.25
382.38	158.25
382.842	203.25
383.304	201.25
383.766	190.25
384.229	185.25
384.691	226.25
385.153	229.25
385.615	220.25
386.077	245.25
386.539	240.25
387.001	250.25
387.463	235.25
387.925	253.25
388.386	284.25
388.848	265.25
389.31	272.25
389.772	300.25
390.234	305.25
390.696	303.25
391.157	293.25
391.619	327.25
392.081	327.25
392.542	311.25
393.004	324.25
393.466	334.25
393.927	352.25
394.389	323.25
394.85	331.25
395.312	370.25
395.773	364.25
396.235	362.25
396.696	378.25
397.158	415.25
397.619	398.25
398.08	373.25
398.542	426.25
399.003	399.25
399.464	450.25
399.926	446.25
400.387	442.25
400.848	461.25
401.309	462.25
401.771	469.25
402.232	459.25
402.693	498.25
403.154	517.25
403.615	525.25
404.076	535.25
404.537	536.25
404.998	515.25
405.459	539.25
405.92	579.25
406.381	572.25
406.842	587.25
407.303	623.25
407.764	599.25
408.225	597.25
408.685	621.25
409.146	620.25
409.607	649.25
410.068	622.25
410.528	658.25
410.989	702.25
411.45	692.25
411.91	688.25
412.371	707.25
412.832	715.25
413.292	731.25
413.753	727.25
414.213	740.25
414.674	777.25
415.134	743.25
415.595	766.25
416.055	778.25
416.515	813.25
416.976	812.25
417.436	789.25
417.896	805.25
418.357	856.25
418.817	828.25
419.277	857.25
419.738	855.25
420.198	879.25
420.658	860.25
421.118	903.25
421.578	921.25
422.038	951.25
422.498	914.25
422.958	974.25
423.418	964.25
423.878	1007.25
424.338	1015.25
424.798	1041.25
425.258	1039.25
425.718	1044.25
426.178	1058.25
426.638	1102.25
427.098	1139.25
427.558	1087.25
428.017	1110.25
428.477	1120.25
428.937	1144.25
429.396	1168.25
429.856	1155.25
430.316	1239.25
430.775	1212.25
431.235	1236.25
431.695	1275.25
432.154	1329.25
432.614	1315.25
433.073	1321.25
433.533	1340.25
433.992	1388.25
434.452	1428.25
434.911	1389.25
435.37	1430.25
435.83	1417.25
436.289	1424.25
436.748	1472.25
437.208	1509.25
437.667	1512.25
438.126	1493.25
438.585	1517.25
439.045	1560.25
439.504	1557.25
439.963	1608.25
440.422	1601.25
440.881	1679.25
441.34	1690.25
441.799	1633.25
442.258	1625.25
442.717	1725.25
443.176	1688.25
443.635	1661.25
444.094	1709.25
444.553	1794.25
445.012	1798.25
445.47	1759.25
445.929	1838.25
446.388	1865.25
446.847	1855.25
447.306	1803.25
447.764	1888.25
448.223	1881.25
448.682	1869.25
449.14	1958.25
449.599	1984.25
450.057	1936.25
450.516	1998.25
450.975	2017.25
451.433	2048.25
451.892	2000.25
452.35	2102.25
452.808	2083.25
453.267	2141.25
453.725	2153.25
454.184	2146.25
454.642	2170.25
455.1	2143.25
455.559	2210.25
456.017	2286.25
456.475	2338.25
456.933	2349.25
457.391	2336.25
457.85	2469.25
458.308	2466.25
458.766	2483.25
459.224	2501.25
459.682	2561.25
460.14	2607.25
460.598	2602.25
461.056	2614.25
461.514	2692.25
461.972	2772.25
462.43	2806.25
462.888	2739.25
463.346	2946.25
463.804	2985.25
464.261	2964.25
464.719	2969.25
465.177	3034.25
465.635	3225.25
466.092	3160.25
466.55	3300.25
467.008	3332.25
467.465	3361.25
467.923	3438.25
468.381	3494.25
468.838	3538.25
469.296	3593.25
469.753	3645.25
470.211	3819.25
470.668	3890.25
471.126	3938.25
471.583	4014.25
472.04	4215.25
472.498	4205.25
472.955	4398.25
473.412	4465.25
473.87	4623.25
474.327	4595.25
474.784	4723.25
475.241	4781.25
475.699	4900.25
476.156	5006.25
476.613	5119.25
477.07	5273.25
477.527	5348.25
477.984	5400.25
478.441	5502.25
478.898	5665.25
479.355	5767.25
479.812	5899.25
480.269	5916.25
480.726	6078.25
481.183	6199.25
481.64	6300.25
482.097	6435.25
482.553	6532.25
483.01	6591.25
483.467	6666.25
483.924	6828.25
484.38	6955.25
484.837	7036.25
485.294	7194.25
485.75	7174.25
486.207	7396.25
486.664	7388.25
487.12	7575.25
487.577	7524.25
488.033	7687.25
488.49	7687.25
488.946	7889.25
489.403	7862.25
489.859	8017.25
490.315	8112.25
490.772	8305.25
491.228	8243.25
491.684	8384.25
492.141	8368.25
492.597	8495.25
493.053	8591.25
493.509	8718.25
493.965	8747.25
494.422	8733.25
494.878	8839.25
495.334	8967.25
495.79	9052.25
496.246	9065.25
496.702	9192.25
497.158	9260.25
497.614	9203.25
498.07	9313.25
498.526	9244.25
498.982	9403.25
499.438	9437.25
499.894	9560.25
500.349	9693.25
500.805	9697.25
501.261	9637.25
501.717	9800.25
502.172	9907.25
502.628	9914.25
503.084	10014.25
503.54	10012.25
503.995	10095.25
504.451	10179.25
504.906	10158.25
505.362	10402.25
505.817	10379.25
506.273	10450.25
506.728	10471.25
507.184	10623.25
507.639	10636.25
508.095	10785.25
508.55	10802.25
509.005	10801.25
509.461	10942.25
509.916	10938.25
510.371	11013.25
510.827	11019.25
511.282	11176.25
511.737	11112.25
512.192	11299.25
512.647	11351.25
513.102	11372.25
513.557	11529.25
514.013	11498.25
514.468	11540.25
514.923	11637.25
515.378	11779.25
515.833	11724.25
516.288	11789.25
516.742	11940.25
517.197	12039.25
517.652	12021.25
518.107	12148.25
518.562	12077.25
519.017	12202.25
519.471	12261.25
519.926	12210.25
520.381	12346.25
520.836	12504.25
521.29	12513.25
521.745	12518.25
522.199	12531.25
522.654	12712.25
523.109	12807.25
523.563	12700.25
524.018	12686.25
524.472	12740.25
524.927	12660.25
525.381	12874.25
525.835	13012.25
526.29	12936.25
526.744	13015.25
527.199	13104.25
527.653	13206.25
528.107	13225.25
528.561	13185.25
529.016	13291.25
529.47	13261.25
529.924	13229.25
530.378	13260.25
530.832	13267.25
531.286	13276.25
531.741	13377.25
532.195	13271.25
532.649	13511.25
533.103	13531.25
533.557	13378.25
534.011	13437.25
534.464	13508.25
534.918	13487.25
535.372	13533.25
535.826	13612.25
536.28	13641.25
536.734	13552.25
537.187	13616.25
537.641	13563.25
538.095	13666.25
538.549	13665.25
539.002	13588.25
539.456	13710.25
539.91	13698.25
540.363	13683.25
540.817	13650.25
541.27	13576.25
541.724	13696.25
542.177	13678.25
542.631	13924.25
543.084	13945.25
543.538	13859.25
543.991	13938.25
544.444	13888.25
544.898	14031.25
545.351	14020.25
545.804	14016.25
546.258	14119.25
546.711	14102.25
547.164	14221.25
547.617	14114.25
548.07	14183.25
548.524	14169.25
548.977	14121.25
549.43	14108.25
549.883	14166.25
550.336	14210.25
550.789	14241.25
551.242	14347.25
551.695	14304.25
552.148	14296.25
552.601	14332.25
553.054	14368.25
553.506	14415.25
553.959	14365.25
554.412	14354.25
554.865	14413.25
555.318	14438.25
555.77	14454.25
556.223	14442.25
556.676	14592.25
557.128	14585.25
557.581	14605.25
558.033	14636.25
558.486	14593.25
558.939	14669.25
559.391	14649.25
559.844	14646.25
560.296	14764.25
560.749	14669.25
561.201	14709.25
561.653	14731.25
562.106	14719.25
562.558	14810.25
563.01	14868.25
563.463	14855.25
563.915	14869.25
564.367	14837.25
564.819	14849.25
565.272	14847.25
565.724	14767.25
566.176	14848.25
566.628	14790.25
567.08	14800.25
567.532	14815.25
567.984	14887.25
568.436	14942.25
568.888	14897.25
569.34	14854.25
569.792	14895.25
570.244	14898.25
570.696	14909.25
571.148	14891.25
571.599	14832.25
572.051	14879.25
572.503	14826.25
572.955	14923.25
573.407	14745.25
573.858	14810.25
574.31	14779.25
574.762	14755.25
575.213	14714.25
575.665	14869.25
576.116	14826.25
576.568	14818.25
577.019	14798.25
577.471	14829.25
577.922	14786.25
578.374	14826.25
578.825	14733.25
579.277	14796.25
579.728	14629.25
580.179	14697.25
580.631	14637.25
581.082	14667.25
581.533	14668.25
581.984	14733.25
582.436	14830.25
582.887	14819.25
583.338	14734.25
583.789	14773.25
584.24	14755.25
584.691	14853.25
585.142	14711.25
585.593	14721.25
586.044	14712.25
586.495	14716.25
586.946	14627.25
587.397	14593.25
587.848	14617.25
588.299	14573.25
588.75	14684.25
589.201	14642.25
589.651	14631.25
590.102	14595.25
590.553	14603.25
591.004	14647.25
591.454	14551.25
591.905	14617.25
592.356	14694.25
592.806	14614.25
593.257	14572.25
593.707	14505.25
594.158	14512.25
594.608	14556.25
595.059	14594.25
595.509	14496.25
595.96	14505.25
596.41	14543.25
596.861	14476.25
597.311	14439.25
597.761	14479.25
598.212	14439.25
598.662	14354.25
599.112	14417.25
599.562	14520.25
600.012	14607.25
600.463	14375.25
600.913	14367.25
601.363	14426.25
601.813	14330.25
602.263	14408.25
602.713	14451.25
603.163	14451.25
603.613	14436.25
604.063	14468.25
604.513	14394.25
604.963	14428.25
605.413	14387.25
605.863	14419.25
606.312	14515.25
606.762	14531.25
607.212	14420.25
607.662	14399.25
608.112	14260.25
608.561	14439.25
609.011	14430.25
609.461	14358.25
609.91	14282.25
610.36	14343.25
610.809	14296.25
611.259	14334.25
611.708	14347.25
612.158	14384.25
612.607	14280.25
613.057	14302.25
613.506	14279.25
613.956	14228.25
614.405	14166.25
614.854	14212.25
615.304	14093.25
615.753	14094.25
616.202	14086.25
616.651	14069.25
617.101	14057.25
617.55	14050.25
617.999	13952.25
618.448	13899.25
618.897	13817.25
619.346	13877.25
619.795	13964.25
620.244	13906.25
620.693	13767.25
621.142	13858.25
621.591	13753.25
622.04	13720.25
622.489	13756.25
622.938	13757.25
623.387	13753.25
623.836	13570.25
624.284	13593.25
624.733	13528.25
625.182	13610.25
625.631	13530.25
626.079	13418.25
626.528	13342.25
626.977	13313.25
627.425	13179.25
627.874	13104.25
628.322	13138.25
628.771	13178.25
629.219	13176.25
629.668	13302.25
630.116	13292.25
630.565	13265.25
631.013	13191.25
631.462	13120.25
631.91	13231.25
632.358	13100.25
632.806	13001.25
633.255	12895.25
633.703	12866.25
634.151	12752.25
634.599	12866.25
635.048	12766.25
635.496	12827.25
635.944	12794.25
636.392	12588.25
636.84	12576.25
637.288	12676.25
637.736	12444.25
638.184	12615.25
638.632	12601.25
639.08	12450.25
639.528	12515.25
639.976	12555.25
640.423	12402.25
640.871	12379.25
641.319	12295.25
641.767	12261.25
642.215	12173.25
642.662	12381.25
643.11	12236.25
643.558	12244.25
644.005	12258.25
644.453	12164.25
644.9	12074.25
645.348	12046.25
645.796	12124.25
646.243	11956.25
646.691	11999.25
647.138	11897.25
647.585	11882.25
648.033	11696.25
648.48	11786.25
648.928	11872.25
649.375	11772.25
649.822	11833.25
650.269	11673.25
650.717	11745.25
651.164	11820.25
651.611	11630.25
652.058	11668.25
652.505	11705.25
652.952	11614.25
653.4	11524.25
653.847	11565.25
654.294	11546.25
654.741	11530.25
655.188	11518.25
655.635	11468.25
656.081	11494.25
656.528	11249.25
656.975	11295.25
657.422	11203.25
657.869	11301.25
658.316	11370.25
658.762	11349.25
659.209	11223.25
659.656	11176.25
660.103	11107.25
660.549	11066.25
660.996	11131.25
661.443	11011.25
661.889	10956.25
662.336	10955.25
662.782	10931.25
663.229	10922.25
663.675	10873.25
664.122	10769.25
664.568	10831.25
665.014	10779.25
665.461	10713.25
665.907	10690.25
666.353	10663.25
666.8	10508.25
667.246	10478.25
667.692	10500.25
668.139	10574.25
668.585	10488.25
669.031	10541.25
669.477	10415.25
669.923	10265.25
670.369	10212.25
670.815	10373.25
671.261	10400.25
671.707	10234.25
672.153	10190.25
672.599	10050.25
673.045	10031.25
673.491	10039.25
673.937	10002.25
674.383	9874.25
674.829	9836.25
675.274	9811.25
675.72	9709.25
676.166	9738.25
676.612	9836.25
677.057	9708.25
677.503	9659.25
677.948	9716.25
678.394	9645.25
678.84	9652.25
679.285	9594.25
679.731	9590.25
680.176	9364.25
680.622	9271.25
681.067	9295.25
681.513	9275.25
681.958	9251.25
682.403	9129.25
682.849	9177.25
683.294	8925.25
683.739	8914.25
684.184	9025.25
684.63	9069.25
685.075	9078.25
685.52	8917.25
685.965	8728.25
686.41	8591.25
686.855	8691.25
687.301	8713.25
687.746	8750.25
688.191	8684.25
688.636	8501.25
689.081	8534.25
689.526	8685.25
689.97	8554.25
690.415	8542.25
690.86	8403.25
691.305	8394.25
691.75	8308.25
692.195	8283.25
692.639	8138.25
693.084	8171.25
693.529	8090.25
693.973	7909.25
694.418	8078.25
694.863	7911.25
695.307	7941.25
695.752	7908.25
696.196	7893.25
696.641	7864.25
697.085	7895.25
697.53	7851.25
697.974	7747.25
698.419	7639.25
698.863	7731.25
699.307	7651.25
699.752	7690.25
700.196	7614.25
700.64	7567.25
701.085	7416.25
701.529	7309.25
701.973	7345.25
702.417	7286.25
702.861	7204.25
703.305	7241.25
703.749	7232.25
704.193	7222.25
704.638	7030.25
705.082	7207.25
705.526	7107.25
705.969	7075.25
706.413	7013.25
706.857	6996.25
707.301	6952.25
707.745	6896.25
708.189	6848.25
708.633	6908.25
709.076	6748.25
709.52	6786.25
709.964	6804.25
710.407	6704.25
710.851	6772.25
711.295	6837.25
711.738	6764.25
712.182	6623.25
712.626	6655.25
713.069	6599.25
713.513	6518.25
713.956	6612.25
714.399	6464.25
714.843	6459.25
715.286	6367.25
715.73	6375.25
716.173	6374.25
716.616	6370.25
717.06	6313.25
717.503	6308.25
717.946	6213.25
718.389	6191.25
718.832	6211.25
719.276	6196.25
719.719	6119.25
720.162	6112.25
720.605	6080.25
721.048	6079.25
721.491	5986.25
721.934	5943.25
722.377	5961.25
722.82	5950.25
723.263	5923.25
723.706	5936.25
724.148	5897.25
724.591	5892.25
725.034	5952.25
725.477	5866.25
725.92	5845.25
726.362	5695.25
726.805	5740.25
727.248	5771.25
727.69	5668.25
728.133	5640.25
728.575	5597.25
729.018	5696.25
729.46	5610.25
729.903	5529.25
730.345	5588.25
730.788	5497.25
731.23	5497.25
731.673	5438.25
732.115	5483.25
732.557	5523.25
733	5423.25
733.442	5392.25
733.884	5334.25
734.327	5323.25
734.769	5208.25
735.211	5220.25
735.653	5211.25
736.095	5219.25
736.537	5114.25
736.979	5150.25
737.421	5184.25
737.863	5136.25
738.305	5076.25
738.747	4967.25
739.189	4951.25
739.631	4949.25
740.073	4965.25
740.515	4957.25
740.957	4875.25
741.399	4874.25
741.84	4922.25
742.282	4815.25
742.724	4815.25
743.166	4809.25
743.607	4736.25
744.049	4745.25
744.49	4760.25
744.932	4771.25
745.374	4825.25
745.815	4747.25
746.257	4670.25
746.698	4653.25
747.14	4696.25
747.581	4726.25
748.022	4657.25
748.464	4655.25
748.905	4762.25
749.346	4598.25
749.788	4552.25
750.229	4616.25
750.67	4596.25
751.111	4511.25
751.553	4467.25
751.994	4525.25
752.435	4447.25
752.876	4427.25
753.317	4393.25
753.758	4322.25
754.199	4368.25
754.64	4332.25
755.081	4285.25
755.522	4384.25
755.963	4240.25
756.404	4185.25
756.845	4183.25
757.285	4189.25
757.726	4232.25
758.167	4167.25
758.608	4069.25
759.048	4126.25
759.489	4075.25
759.93	3958.25
760.37	4055.25
760.811	4107.25
761.252	3995.25
761.692	4007.25
762.133	3950.25
762.573	3816.25
763.014	3821.25
763.454	3799.25
763.895	3821.25
764.335	3743.25
764.775	3717.25
765.216	3724.25
765.656	3722.25
766.096	3635.25
766.536	3572.25
766.977	3619.25
767.417	3600.25
767.857	3577.25
768.297	3535.25
768.737	3485.25
769.177	3479.25
769.617	3451.25
770.058	3495.25
770.498	3431.25
770.938	3464.25
771.377	3436.25
771.817	3355.25
772.257	3244.25
772.697	3334.25
773.137	3212.25
773.577	3298.25
774.017	3205.25
774.456	3193.25
774.896	3228.25
775.336	3177.25
775.776	3196.25
776.215	3103.25
776.655	3138.25
777.094	3128.25
777.534	3020.25
777.974	2956.25
778.413	2916.25
778.853	2981.25
779.292	2957.25
779.731	2913.25
780.171	2924.25
780.61	2857.25
781.05	2820.25
781.489	2825.25
781.928	2816.25
782.368	2832.25
782.807	2783.25
783.246	2708.25
783.685	2771.25
784.124	2686.25
784.564	2653.25
785.003	2647.25
785.442	2608.25
785.881	2691.25
786.32	2611.25
786.759	2593.25
787.198	2553.25
787.637	2520.25
788.076	2610.25
788.515	2573.25
788.953	2535.25
789.392	2510.25
789.831	2443.25
790.27	2400.25
790.709	2423.25
791.147	2442.25
791.586	2435.25
792.025	2456.25
792.463	2428.25
792.902	2354.25
793.341	2350.25
793.779	2348.25
794.218	2317.25
794.656	2265.25
795.095	2273.25
795.533	2293.25
795.971	2265.25
796.41	2208.25
796.848	2255.25
797.287	2247.25
797.725	2241.25
798.163	2132.25
798.601	2150.25
799.04	2191.25
799.478	2144.25
799.916	2168.25
800.354	2162.25
800.792	2174.25
801.23	2098.25
801.669	2046.25
802.107	2049.25
802.545	2028.25
802.983	2031.25
803.421	2015.25
803.858	2008.25
804.296	2025.25
804.734	1967.25
805.172	1985.25
805.61	1965.25
806.048	1935.25
806.485	1931.25
806.923	1919.25
807.361	1957.25
807.799	1924.25
808.236	1919.25
808.674	1905.25
809.112	1888.25
809.549	1826.25
809.987	1839.25
810.424	1826.25
810.862	1849.25
811.299	1797.25
811.737	1773.25
812.174	1801.25
812.611	1770.25
813.049	1756.25
813.486	1742.25
813.923	1710.25
814.361	1717.25
814.798	1683.25
815.235	1697.25
815.672	1706.25
816.109	1671.25
816.547	1689.25
816.984	1721.25
817.421	1689.25
817.858	1615.25
818.295	1604.25
818.732	1664.25
819.169	1663.25
819.606	1648.25
820.043	1586.25
820.48	1598.25
820.916	1564.25
821.353	1502.25
821.79	1576.25
822.227	1521.25
822.664	1508.25
823.1	1485.25
823.537	1478.25
823.974	1493.25
824.41	1518.25
824.847	1500.25
825.283	1471.25
825.72	1480.25
826.157	1449.25
826.593	1468.25
827.03	1485.25
827.466	1452.25
827.902	1396.25
828.339	1454.25
828.775	1411.25
829.211	1410.25
829.648	1370.25
830.084	1384.25
830.52	1411.25
830.957	1398.25
831.393	1360.25
831.829	1333.25
832.265	1408.25
832.701	1327.25
833.137	1336.25
833.573	1339.25
834.009	1306.25
834.445	1298.25
834.881	1287.25
835.317	1294.25
835.753	1306.25
836.189	1274.25
836.625	1248.25
837.061	1274.25
837.497	1258.25
837.932	1210.25
838.368	1229.25
838.804	1203.25
839.239	1172.25
839.675	1212.25
840.111	1211.25
840.546	1185.25
840.982	1173.25
841.418	1167.25
841.853	1203.25
842.289	1199.25
842.724	1125.25
843.159	1130.25
843.595	1140.25
844.03	1123.25
844.466	1129.25
844.901	1104.25
845.336	1132.25
845.772	1084.25
846.207	1056.25
846.642	1106.25
847.077	1092.25
847.512	1065.25
847.948	1038.25
848.383	1070.25
848.818	1072.25
849.253	1007.25
849.688	1040.25
850.123	1041.25
850.558	1014.25
850.993	1005.25
851.428	977.25
851.863	994.25
852.297	1000.25
852.732	993.25
853.167	971.25
853.602	985.25
854.037	983.25
854.471	951.25
854.906	958.25
855.341	966.25
855.775	892.25
856.21	921.25
856.645	941.25
857.079	928.25
857.514	886.25
857.948	917.25
858.383	924.25
858.817	878.25
859.251	933.25
859.686	875.25
860.12	896.25
860.555	891.25
860.989	862.25
861.423	856.25
861.857	890.25
862.292	887.25
862.726	828.25
863.16	858.25
863.594	822.25
864.028	794.25
864.462	785.25
864.896	817.25
865.33	786.25
865.764	747.25
866.198	747.25
866.632	770.25
867.066	775.25
867.5	750.25
867.934	747.25
868.368	757.25
868.802	770.25
869.235	740.25
869.669	755.25
870.103	757.25
870.537	729.25
870.97	712.25
871.404	746.25
871.837	753.25
872.271	701.25
872.705	700.25
873.138	724.25
873.572	722.25
874.005	680.25
874.438	681.25
874.872	691.25
875.305	683.25
875.739	664.25
876.172	703.25
876.605	671.25
877.039	672.25
877.472	638.25
877.905	623.25
878.338	681.25
878.771	635.25
879.204	638.25
879.638	633.25
880.071	652.25
880.504	612.25
880.937	598.25
881.37	621.25
881.803	627.25
882.236	616.25
882.668	633.25
883.101	624.25
883.534	592.25
883.967	596.25
884.4	566.25
884.833	603.25
885.265	583.25
885.698	589.25
886.131	592.25
886.563	615.25
886.996	608.25
887.429	572.25
887.861	561.25
888.294	549.25
888.726	563.25
889.159	562.25
889.591	548.25
890.024	592.25
890.456	560.25
890.888	553.25
891.321	549.25
891.753	543.25
892.185	551.25
892.618	521.25
893.05	547.25
893.482	552.25
893.914	526.25
894.346	517.25
894.778	555.25
895.211	538.25
895.643	512.25
896.075	524.25
896.507	553.25
896.939	504.25
897.371	494.25
897.802	505.25
898.234	512.25
898.666	472.25
899.098	499.25
899.53	504.25
899.962	491.25
900.393	496.25
900.825	472.25
901.257	483.25
901.688	471.25
902.12	457.25
902.552	460.25
902.983	469.25
903.415	438.25
903.846	438.25
904.278	466.25
904.709	462.25
905.141	455.25
905.572	479.25
906.004	458.25
906.435	450.25
906.866	448.25
907.298	427.25
907.729	461.25
908.16	434.25
908.591	443.25
909.023	436.25
909.454	417.25
909.885	455.25
910.316	395.25
910.747	412.25
911.178	407.25
911.609	403.25
912.04	404.25
912.471	409.25
912.902	426.25
913.333	414.25
913.764	377.25
914.195	409.25
914.625	414.25
915.056	420.25
915.487	395.25
915.918	413.25
916.348	382.25
916.779	383.25
917.21	397.25
917.64	385.25
918.071	362.25
918.501	338.25
918.932	379.25
919.363	378.25
919.793	353.25
920.223	362.25
920.654	366.25
921.084	345.25
921.515	364.25
921.945	346.25
922.375	353.25
922.806	363.25
923.236	338.25
923.666	344.25
924.096	367.25
924.526	353.25
924.957	321.25
925.387	323.25
925.817	316.25
926.247	355.25
926.677	292.25
927.107	307.25
927.537	332.25
927.967	330.25
928.397	322.25
928.827	322.25
929.256	332.25
929.686	302.25
930.116	295.25
930.546	306.25
930.976	316.25
931.405	303.25
931.835	306.25
932.265	298.25
932.694	303.25
933.124	298.25
933.553	285.25
933.983	298.25
934.412	286.25
934.842	242.25
935.271	271.25
935.701	284.25
936.13	281.25
936.56	257.25
936.989	297.25
937.418	288.25
937.848	266.25
938.277	271.25
938.706	276.25
939.135	292.25
939.564	264.25
939.994	259.25
940.423	279.25
940.852	279.25
941.281	239.25
941.71	260.25
942.139	279.25
942.568	273.25
942.997	280.25
943.426	293.25
943.855	263.25
944.283	249.25
944.712	241.25
945.141	274.25
945.57	252.25
945.999	235.25
946.427	262.25
946.856	273.25
947.285	249.25
947.713	250.25
948.142	245.25
948.57	279.25
948.999	262.25
949.427	235.25
949.856	271.25
950.284	279.25
950.713	257.25
951.141	236.25
951.57	248.25
951.998	252.25
952.426	219.25
952.855	231.25
953.283	243.25
953.711	235.25
954.139	220.25
954.567	204.25
954.996	238.25
955.424	223.25
955.852	206.25
956.28	209.25
956.708	225.25
957.136	206.25
957.564	189.25
957.992	223.25
958.42	234.25
958.848	193.25
959.275	190.25
959.703	214.25
960.131	233.25
960.559	190.25
960.987	211.25
961.414	210.25
961.842	187.25
962.27	187.25
962.697	206.25
963.125	189.25
963.552	206.25
963.98	183.25
964.408	186.25
964.835	190.25
965.262	187.25
965.69	157.25
966.117	178.25
966.545	200.25
966.972	166.25
967.399	151.25
967.827	147.25
968.254	189.25
968.681	167.25
969.108	179.25
969.535	181.25
969.963	187.25
970.39	157.25
970.817	163.25
971.244	161.25
971.671	174.25
972.098	140.25
972.525	155.25
972.952	161.25
973.379	154.25
973.806	139.25
974.232	145.25
974.659	149.25
975.086	140.25
975.513	147.25
975.94	156.25
976.366	173.25
976.793	146.25
977.22	148.25
977.646	142.25
978.073	132.25
978.499	122.25
978.926	147.25
979.352	144.25
979.779	148.25
980.205	106.25
980.632	130.25
981.058	140.25
981.485	130.25
981.911	129.25
982.337	136.25
982.763	151.25
983.19	109.25
983.616	121.25
984.042	125.25
984.468	130.25
984.894	120.25
985.32	113.25
985.747	114.25
986.173	119.25
986.599	108.25
987.025	103.25
987.451	124.25
987.877	102.25
988.302	123.25
988.728	117.25
989.154	122.25
989.58	116.25
990.006	109.25
990.431	118.25
990.857	127.25
991.283	103.25
991.709	111.25
992.134	125.25
992.56	130.25
992.985	103.25
993.411	99.25
993.836	115.25
994.262	117.25
994.687	87.25
995.113	113.25
995.538	117.25
995.964	119.25
996.389	88.25
996.814	113.25
997.24	134.25
997.665	101.25
998.09	108.25
998.515	107.25
998.941	106.25
999.366	97.25
999.791	74.25
1000.216	88.25
1000.641	113.25
1001.066	105.25
1001.491	97.25
1001.916	111.25
1002.341	111.25
1002.766	91.25
1003.191	98.25
1003.616	90.25
1004.04	89.25
1004.465	97.25
1004.89	90.25
1005.315	101.25
1005.739	78.25
1006.164	88.25
1006.589	105.25
1007.013	96.25
1007.438	62.25
1007.863	78.25
1008.287	91.25
1008.712	90.25
1009.136	91.25
1009.561	72.25
1009.985	97.25
1010.409	80.25
1010.834	86.25
1011.258	84.25
1011.682	71.25
1012.107	59.25
1012.531	52.25
1012.955	75.25
1013.379	93.25
1013.804	55.25
1014.228	52.25
1014.652	80.25
1015.076	61.25
1015.5	48.25
1015.924	47.25
1016.348	81.25
1016.772	66.25
1017.196	63.25
1017.62	60.25
1018.044	71.25
1018.467	60.25
1018.891	40.25
1019.315	60.25
1019.739	53.25
1020.163	47.25
1020.586	71.25
1021.01	56.25
1021.434	75.25
1021.857	37.25
1022.281	28.25
1022.704	47.25
1023.128	52.25
1023.551	41.25
1023.975	52.25
1024.398	53.25
1024.822	53.25
1025.245	52.25
1025.668	41.25
1026.092	70.25
1026.515	55.25
1026.938	38.25
1027.361	56.25
1027.785	51.25
1028.208	52.25
1028.631	41.25
1029.054	46.25
1029.477	58.25
1029.9	19.25
1030.323	33.25
1030.746	63.25
1031.169	46.25
1031.592	46.25
1032.015	41.25
1032.438	53.25
1032.861	28.25
1033.284	26.25
1033.706	37.25
1034.129	50.25
1034.552	37.25
1034.975	31.25
1035.397	32.25
1035.82	52.25
1036.243	27.25
1036.665	13.25
1037.088	42.25
1037.51	36.25
1037.933	32.25
1038.355	13.25
1038.778	28.25
1039.2	23.25
1039.622	18.25
1040.045	16.25
1040.467	26.25
1040.889	45.25
1041.312	9.25
1041.734	28.25
1042.156	37.25
1042.578	44.25
1043	26.25
1043.423	14.25
1043.845	9.25
1044.267	26.25
1044.689	31.25
1045.111	36.25
1045.533	43.25
1045.955	8.25
1046.377	27.25
1046.798	33.25
1047.22	23.25
1047.642	15.25
1048.064	32.25
1048.486	28.25
1048.907	41.25
1049.329	29.25
1049.751	38.25
1050.172	47.25
1050.594	18.25
1051.016	19.25
1051.437	33.25
1051.859	8.25
1052.28	19.25
1052.702	27.25
1053.123	14.25
1053.545	47.25
1053.966	15.25
1054.387	16.25
1054.809	27.25
1055.23	27.25
1055.651	12.25
1056.073	15.25
1056.494	28.25
1056.915	19.25
1057.336	22.25
1057.757	17.25
1058.178	34.25
1058.599	10.25
1059.02	24.25
1059.441	10.25
1059.862	25.25
1060.283	-1.75
1060.704	8.25
1061.125	16.25
1061.546	17.25
1061.967	12.25
1062.388	17.25
1062.808	26.25
1063.229	17.25
1063.65	-6.75
1064.07	28.25
1064.491	21.25
1064.912	21.25
1065.332	2.25
1065.753	2.25
1066.173	35.25
1066.594	7.25
1067.014	-6.75
1067.435	27.25
1067.855	10.25
1068.276	5.25
1068.696	-3.75
1069.116	18.25
1069.537	10.25
1069.957	15.25
1070.377	-3.75
1070.797	28.25
1071.218	19.25
1071.638	4.25
1072.058	11.25
1072.478	18.25
1072.898	14.25
1073.318	-5.75
1073.738	9.25
1074.158	18.25
1074.578	-2.75
1074.998	-6.75
1075.418	4.25
1075.838	1.25
1076.257	-11.75
1076.677	2.25
1077.097	9.25
1077.517	14.25
1077.936	8.25
1078.356	11.25
1078.776	26.25
1079.195	5.25
1079.615	-5.75
1080.034	10.25
1080.454	27.25
1080.874	-15.75
1081.293	-8.75
1081.712	21.25
1082.132	18.25
1082.551	-4.75
1082.971	-2.75
1083.39	52.25
1083.809	19.25
1084.228	-8.75
1084.648	1.25
1085.067	-0.75
1085.486	2.25
1085.905	-18.75
1086.324	13.25
1086.743	16.25
1087.162	8.25
1087.581	-5.75
1088	2.25
1088.419	5.25
1088.838	-16.75
1089.257	-6.75
1089.676	10.25
1090.095	17.25
1090.514	-19.75
1090.933	-11.75
1091.351	15.25
1091.77	15.25
1092.189	-1.75
1092.607	-0.75
1093.026	8.25
1093.445	4.25
1093.863	-1.75
1094.282	8.25
1094.7	18.25
1095.119	0.25
1095.537	-6.75
1095.956	-0.75
1096.374	9.25
1096.793	-7.75
1097.211	-13.75
1097.629	-0.75
1098.047	17.25
1098.466	5.25
1098.884	-5.75
1099.302	19.25
1099.72	11.25
1100.138	-19.75
1100.557	-3.75
1100.975	11.25
1101.393	-3.75
1101.811	-10.75
1102.229	5.25
