188.978	-10.38
189.45	-10.38
189.922	-10.38
190.394	-3.38
190.866	-16.38
191.338	-6.38
191.81	4.62
192.282	8.62
192.753	-2.38
193.225	-10.38
193.697	29.62
194.169	-5.38
194.641	4.62
195.112	-0.38
195.584	-2.38
196.056	0.62
196.527	2.62
196.999	6.62
197.471	1.62
197.942	6.62
198.414	-1.38
198.885	16.62
199.357	-6.38
199.828	7.62
200.3	2.62
200.771	9.62
201.243	-10.38
201.714	1.62
202.186	-6.38
202.657	7.62
203.128	5.62
203.6	-2.38
204.071	23.62
204.542	6.62
205.013	5.62
205.485	-8.38
205.956	4.62
206.427	9.62
206.898	10.62
207.369	0.62
207.84	37.62
208.311	-1.38
208.782	0.62
209.254	6.62
209.725	12.62
210.196	-8.38
210.666	17.62
211.137	28.62
211.608	28.62
212.079	-7.38
212.55	-8.38
213.021	12.62
213.492	0.62
213.963	-9.38
214.433	-8.38
214.904	-5.38
215.375	-2.38
215.846	-0.38
216.316	-8.38
216.787	20.62
217.258	-10.38
217.728	-11.38
218.199	18.62
218.669	8.62
219.14	-5.38
219.61	0.62
220.081	21.62
220.551	4.62
221.022	4.62
221.492	7.62
221.963	24.62
222.433	9.62
222.903	11.62
223.374	6.62
223.844	4.62
224.314	-4.38
224.785	-6.38
225.255	-3.38
225.725	9.62
226.195	-4.38
226.665	-3.38
227.136	13.62
227.606	-5.38
228.076	7.62
228.546	7.62
229.016	1.62
229.486	10.62
229.956	-9.38
230.426	6.62
230.896	7.62
231.366	-6.38
231.836	12.62
232.306	17.62
232.776	3.62
233.245	8.62
233.715	-2.38
234.185	14.62
234.655	19.62
235.125	-13.38
235.594	-5.38
236.064	12.62
236.534	3.62
237.003	3.62
237.473	2.62
237.943	14.62
238.412	0.62
238.882	-20.38
239.351	5.62
239.821	13.62
240.29	8.62
240.76	-2.38
241.229	15.62
241.699	6.62
242.168	-7.38
242.638	21.62
243.107	15.62
243.576	1.62
244.046	-0.38
244.515	18.62
244.984	4.62
245.453	-8.38
245.923	1.62
246.392	0.62
246.861	19.62
247.33	6.62
247.799	3.62
248.268	13.62
248.737	14.62
249.206	12.62
249.675	17.62
250.144	14.62
250.613	-8.38
251.082	-6.38
251.551	1.62
252.02	20.62
252.489	6.62
252.958	-11.38
253.427	-4.38
253.896	17.62
254.364	2.62
254.833	12.62
255.302	25.62
255.771	8.62
256.239	-22.38
256.708	-2.38
257.177	17.62
257.645	1.62
258.114	-3.38
258.583	21.62
259.051	10.62
259.52	-19.38
259.988	-12.38
260.457	22.62
260.925	25.62
261.394	-6.38
261.862	6.62
262.33	-1.38
262.799	19.62
263.267	1.62
263.735	0.62
264.204	11.62
264.672	13.62
265.14	-9.38
265.608	12.62
266.077	28.62
266.545	3.62
267.013	6.62
267.481	11.62
267.949	15.62
268.417	-5.38
268.885	7.62
269.353	11.62
269.822	8.62
270.289	5.62
270.757	8.62
271.225	12.62
271.693	10.62
272.161	4.62
272.629	-3.38
273.097	28.62
273.565	8.62
274.033	-1.38
274.5	11.62
274.968	5.62
275.436	-2.38
275.904	-2.38
276.371	25.62
276.839	21.62
277.307	-3.38
277.774	7.62
278.242	35.62
278.709	18.62
279.177	0.62
279.644	14.62
280.112	27.62
280.579	-5.38
281.047	5.62
281.514	9.62
281.982	21.62
282.449	4.62
282.916	-1.38
283.384	24.62
283.851	4.62
284.318	-3.38
284.786	-6.38
285.253	20.62
285.72	12.62
286.187	17.62
286.654	29.62
287.122	33.62
287.589	5.62
288.056	5.62
288.523	1.62
288.99	3.62
289.457	-0.38
289.924	3.62
290.391	14.62
290.858	4.62
291.325	10.62
291.792	18.62
292.259	19.62
292.725	24.62
293.192	0.62
293.659	6.62
294.126	14.62
294.593	19.62
295.059	-2.38
295.526	10.62
295.993	5.62
296.459	8.62
296.926	-8.38
297.393	24.62
297.859	3.62
298.326	2.62
298.792	21.62
299.259	18.62
299.725	19.62
300.192	-5.38
300.658	16.62
301.125	31.62
301.591	22.62
302.058	6.62
302.524	18.62
302.99	6.62
303.457	-0.38
303.923	-5.38
304.389	23.62
304.855	13.62
305.322	3.62
305.788	15.62
306.254	22.62
306.72	3.62
307.186	-6.38
307.652	19.62
308.118	23.62
308.584	12.62
309.05	22.62
309.516	5.62
309.982	21.62
310.448	-2.38
310.914	-0.38
311.38	13.62
311.846	1.62
312.312	10.62
312.778	5.62
313.244	15.62
313.709	0.62
314.175	5.62
314.641	20.62
315.107	36.62
315.572	-0.38
316.038	-0.38
316.504	14.62
316.969	6.62
317.435	9.62
317.9	10.62
318.366	3.62
318.831	11.62
319.297	-0.38
319.762	3.62
320.228	4.62
320.693	10.62
321.159	6.62
321.624	-8.38
322.089	7.62
322.555	-2.38
323.02	7.62
323.485	16.62
323.951	37.62
324.416	-14.38
324.881	0.62
325.346	21.62
325.811	2.62
326.276	-3.38
326.742	22.62
327.207	4.62
327.672	22.62
328.137	1.62
328.602	21.62
329.067	28.62
329.532	-6.38
329.997	-12.38
330.462	7.62
330.926	13.62
331.391	9.62
331.856	1.62
332.321	26.62
332.786	20.62
333.251	16.62
333.715	19.62
334.18	12.62
334.645	39.62
335.109	18.62
335.574	15.62
336.039	7.62
336.503	7.62
336.968	23.62
337.433	19.62
337.897	45.62
338.362	15.62
338.826	-6.38
339.291	13.62
339.755	19.62
340.219	5.62
340.684	15.62
341.148	11.62
341.612	23.62
342.077	0.62
342.541	18.62
343.005	17.62
343.47	15.62
343.934	7.62
344.398	18.62
344.862	22.62
345.326	-0.38
345.79	47.62
346.255	25.62
346.719	31.62
347.183	28.62
347.647	9.62
348.111	36.62
348.575	30.62
349.039	3.62
349.503	29.62
349.967	20.62
350.43	17.62
350.894	21.62
351.358	13.62
351.822	47.62
352.286	8.62
352.749	25.62
353.213	24.62
353.677	15.62
354.141	12.62
354.604	14.62
355.068	16.62
355.532	27.62
355.995	24.62
356.459	28.62
356.922	11.62
357.386	20.62
357.849	25.62
358.313	21.62
358.776	33.62
359.24	32.62
359.703	15.62
360.166	35.62
360.63	47.62
361.093	28.62
361.556	35.62
362.02	41.62
362.483	45.62
362.946	45.62
363.409	62.62
363.873	52.62
364.336	43.62
364.799	39.62
365.262	48.62
365.725	74.62
366.188	51.62
366.651	47.62
367.114	55.62
367.577	76.62
368.04	64.62
368.503	58.62
368.966	89.62
369.429	88.62
369.892	70.62
370.355	73.62
370.817	111.62
371.28	85.62
371.743	81.62
372.206	100.62
372.668	101.62
373.131	93.62
373.594	99.62
374.056	109.62
374.519	108.62
374.982	117.62
375.444	119.62
375.907	156.62
376.369	134.62
376.832	156.62
377.294	129.62
377.757	144.62
378.219	155.62
378.682	145.62
379.144	156.62
379.606	154.62
380.069	163.62
380.531	172.62
380.993	186.62
381.455	185.62
381.918	185.62
382.38	180.62
382.842	227.62
383.304	240.62
383.766	216.62
384.229	224.62
384.691	245.62
385.153	232.62
385.615	223.62
386.077	241.62
386.539	246.62
387.001	257.62
387.463	278.62
387.925	266.62
388.386	267.62
388.848	267.62
389.31	278.62
389.772	295.62
390.234	311.62
390.696	301.62
391.157	311.62
391.619	348.62
392.081	337.62
392.542	332.62
393.004	322.62
393.466	362.62
393.927	373.62
394.389	352.62
394.85	378.62
395.312	389.62
395.773	389.62
396.235	426.62
396.696	416.62
397.158	418.62
397.619	422.62
398.08	429.62
398.542	469.62
399.003	451.62
399.464	465.62
399.926	493.62
400.387	500.62
400.848	526.62
401.309	525.62
401.771	542.62
402.232	548.62
402.693	499.62
403.154	565.62
403.615	581.62
404.076	559.62
404.537	559.62
404.998	597.62
405.459	588.62
405.92	641.62
406.381	626.62
406.842	661.62
407.303	631.62
407.764	638.62
408.225	661.62
408.685	651.62
409.146	685.62
409.607	689.62
410.068	705.62
410.528	728.62
410.989	741.62
411.45	744.62
411.91	768.62
412.371	757.62
412.832	788.62
413.292	801.62
413.753	805.62
414.213	834.62
414.674	770.62
415.134	818.62
415.595	862.62
416.055	849.62
416.515	873.62
416.976	873.62
417.436	917.62
417.896	924.62
418.357	892.62
418.817	908.62
419.277	926.62
419.738	934.62
420.198	911.62
420.658	988.62
421.118	981.62
421.578	965.62
422.038	990.62
422.498	1069.62
422.958	1029.62
423.418	1043.62
423.878	1054.62
424.338	1141.62
424.798	1075.62
425.258	1114.62
425.718	1130.62
426.178	1147.62
426.638	1200.62
427.098	1247.62
427.558	1230.62
428.017	1200.62
428.477	1211.62
428.937	1302.62
429.396	1298.62
429.856	1310.62
430.316	1336.62
430.775	1369.62
431.235	1380.62
431.695	1376.62
432.154	1392.62
432.614	1469.62
433.073	1472.62
433.533	1454.62
433.992	1469.62
434.452	1481.62
434.911	1554.62
435.37	1545.62
435.83	1543.62
436.289	1581.62
436.748	1594.62
437.208	1623.62
437.667	1664.62
438.126	1645.62
438.585	1684.62
439.045	1692.62
439.504	1709.62
439.963	1773.62
440.422	1746.62
440.881	1744.62
441.34	1855.62
441.799	1773.62
442.258	1822.62
442.717	1793.62
443.176	1829.62
443.635	1901.62
444.094	1906.62
444.553	1906.62
445.012	1932.62
445.47	1961.62
445.929	2002.62
446.388	1975.62
446.847	2008.62
447.306	2007.62
447.764	2023.62
448.223	2067.62
448.682	2089.62
449.14	2094.62
449.599	2160.62
450.057	2162.62
450.516	2121.62
450.975	2199.62
451.433	2216.62
451.892	2183.62
452.35	2248.62
452.808	2289.62
453.267	2351.62
453.725	2368.62
454.184	2327.62
454.642	2377.62
455.1	2411.62
455.559	2397.62
456.017	2461.62
456.475	2562.62
456.933	2547.62
457.391	2554.62
457.85	2576.62
458.308	2732.62
458.766	2748.62
459.224	2800.62
459.682	2808.62
460.14	2810.62
460.598	2914.62
461.056	2926.62
461.514	2939.62
461.972	3024.62
462.43	3126.62
462.888	3042.62
463.346	3213.62
463.804	3190.62
464.261	3233.62
464.719	3283.62
465.177	3364.62
465.635	3533.62
466.092	3437.62
466.55	3647.62
467.008	3678.62
467.465	3721.62
467.923	3840.62
468.381	3826.62
468.838	3830.62
469.296	4053.62
469.753	4083.62
470.211	4152.62
470.668	4262.62
471.126	4338.62
471.583	4366.62
472.04	4588.62
472.498	4695.62
472.955	4831.62
473.412	4880.62
473.87	4992.62
474.327	5013.62
474.784	5190.62
475.241	5257.62
475.699	5414.62
476.156	5590.62
476.613	5673.62
477.07	5683.62
477.527	5934.62
477.984	5976.62
478.441	5951.62
478.898	6167.62
479.355	6292.62
479.812	6370.62
480.269	6590.62
480.726	6655.62
481.183	6796.62
481.64	6970.62
482.097	7100.62
482.553	7107.62
483.01	7315.62
483.467	7411.62
483.924	7449.62
484.38	7562.62
484.837	7686.62
485.294	7822.62
485.75	7911.62
486.207	8120.62
486.664	8097.62
487.12	8332.62
487.577	8392.62
488.033	8560.62
488.49	8576.62
488.946	8552.62
489.403	8731.62
489.859	8908.62
490.315	8830.62
490.772	9075.62
491.228	9191.62
491.684	9164.62
492.141	9433.62
492.597	9387.62
493.053	9293.62
493.509	9552.62
493.965	9605.62
494.422	9719.62
494.878	9823.62
495.334	9804.62
495.79	9832.62
496.246	9924.62
496.702	10064.62
497.158	10135.62
497.614	10196.62
498.07	10309.62
498.526	10334.62
498.982	10391.62
499.438	10507.62
499.894	10639.62
500.349	10526.62
500.805	10596.62
501.261	10756.62
501.717	10678.62
502.172	10810.62
502.628	10941.62
503.084	11071.62
503.54	11049.62
503.995	11117.62
504.451	11233.62
504.906	11187.62
505.362	11216.62
505.817	11269.62
506.273	11345.62
506.728	11476.62
507.184	11538.62
507.639	11698.62
508.095	11807.62
508.55	11696.62
509.005	11767.62
509.461	11923.62
509.916	11961.62
510.371	12162.62
510.827	12138.62
511.282	12178.62
511.737	12198.62
512.192	12289.62
512.647	12400.62
513.102	12300.62
513.557	12472.62
514.013	12519.62
514.468	12542.62
514.923	12758.62
515.378	12752.62
515.833	12721.62
516.288	12822.62
516.742	12859.62
517.197	13031.62
517.652	13020.62
518.107	13114.62
518.562	13188.62
519.017	13084.62
519.471	13159.62
519.926	13217.62
520.381	13296.62
520.836	13397.62
521.29	13348.62
521.745	13457.62
522.199	13604.62
522.654	13573.62
523.109	13654.62
523.563	13694.62
524.018	13717.62
524.472	13726.62
524.927	13786.62
525.381	13843.62
525.835	13908.62
526.29	13920.62
526.744	13959.62
527.199	14057.62
527.653	14123.62
528.107	13987.62
528.561	13985.62
529.016	14116.62
529.47	14167.62
529.924	14181.62
530.378	14256.62
530.832	14189.62
531.286	14167.62
531.741	14214.62
532.195	14212.62
532.649	14259.62
533.103	14342.62
533.557	14270.62
534.011	14382.62
534.464	14270.62
534.918	14381.62
535.372	14428.62
535.826	14468.62
536.28	14373.62
536.734	14399.62
537.187	14438.62
537.641	14463.62
538.095	14564.62
538.549	14545.62
539.002	14514.62
539.456	14597.62
539.91	14530.62
540.363	14584.62
540.817	14690.62
541.27	14594.62
541.724	14578.62
542.177	14627.62
542.631	14700.62
543.084	14744.62
543.538	14687.62
543.991	14725.62
544.444	14716.62
544.898	14764.62
545.351	14856.62
545.804	14837.62
546.258	14926.62
546.711	14943.62
547.164	14886.62
547.617	14957.62
548.07	14940.62
548.524	14936.62
548.977	14876.62
549.43	15020.62
549.883	14967.62
550.336	15027.62
550.789	15093.62
551.242	15068.62
551.695	15055.62
552.148	15205.62
552.601	15212.62
553.054	15257.62
553.506	15222.62
553.959	15219.62
554.412	15275.62
554.865	15137.62
555.318	15233.62
555.77	15286.62
556.223	15197.62
556.676	15312.62
557.128	15333.62
557.581	15336.62
558.033	15336.62
558.486	15396.62
558.939	15369.62
559.391	15353.62
559.844	15363.62
560.296	15396.62
560.749	15406.62
561.201	15446.62
561.653	15461.62
562.106	15444.62
562.558	15436.62
563.01	15478.62
563.463	15463.62
563.915	15488.62
564.367	15500.62
564.819	15524.62
565.272	15503.62
565.724	15474.62
566.176	15584.62
566.628	15526.62
567.08	15613.62
567.532	15483.62
567.984	15604.62
568.436	15614.62
568.888	15666.62
569.34	15586.62
569.792	15636.62
570.244	15548.62
570.696	15593.62
571.148	15537.62
571.599	15553.62
572.051	15479.62
572.503	15546.62
572.955	15588.62
573.407	15588.62
573.858	15608.62
574.31	15543.62
574.762	15504.62
575.213	15490.62
575.665	15517.62
576.116	15510.62
576.568	15528.62
577.019	15442.62
577.471	15566.62
577.922	15535.62
578.374	15546.62
578.825	15542.62
579.277	15548.62
579.728	15557.62
580.179	15585.62
580.631	15598.62
581.082	15564.62
581.533	15513.62
581.984	15419.62
582.436	15459.62
582.887	15559.62
583.338	15396.62
583.789	15445.62
584.24	15489.62
584.691	15508.62
585.142	15322.62
585.593	15390.62
586.044	15354.62
586.495	15411.62
586.946	15411.62
587.397	15370.62
587.848	15391.62
588.299	15399.62
588.75	15431.62
589.201	15299.62
589.651	15384.62
590.102	15272.62
590.553	15336.62
591.004	15326.62
591.454	15414.62
591.905	15368.62
592.356	15338.62
592.806	15319.62
593.257	15337.62
593.707	15397.62
594.158	15332.62
594.608	15327.62
595.059	15279.62
595.509	15347.62
595.96	15311.62
596.41	15319.62
596.861	15299.62
597.311	15296.62
597.761	15340.62
598.212	15249.62
598.662	15293.62
599.112	15261.62
599.562	15281.62
600.012	15312.62
600.463	15252.62
600.913	15137.62
601.363	15187.62
601.813	15229.62
602.263	15220.62
602.713	15279.62
603.163	15272.62
603.613	15321.62
604.063	15263.62
604.513	15221.62
604.963	15222.62
605.413	15253.62
605.863	15247.62
606.312	15241.62
606.762	15248.62
607.212	15236.62
607.662	15230.62
608.112	15157.62
608.561	15168.62
609.011	15160.62
609.461	15213.62
609.91	15134.62
610.36	15144.62
610.809	15087.62
611.259	15161.62
611.708	15128.62
612.158	15130.62
612.607	15137.62
613.057	15126.62
613.506	15119.62
613.956	15043.62
614.405	15000.62
614.854	15022.62
615.304	14929.62
615.753	15037.62
616.202	15018.62
616.651	15035.62
617.101	14912.62
617.55	14953.62
617.999	14853.62
618.448	14888.62
618.897	14680.62
619.346	14760.62
619.795	14686.62
620.244	14736.62
620.693	14648.62
621.142	14698.62
621.591	14680.62
622.04	14607.62
622.489	14629.62
622.938	14622.62
623.387	14528.62
623.836	14487.62
624.284	14513.62
624.733	14513.62
625.182	14349.62
625.631	14391.62
626.079	14297.62
626.528	14338.62
626.977	14312.62
627.425	14187.62
627.874	14241.62
628.322	14117.62
628.771	14086.62
629.219	14162.62
629.668	14211.62
630.116	14243.62
630.565	14173.62
631.013	14140.62
631.462	13894.62
631.91	13924.62
632.358	13869.62
632.806	13867.62
633.255	13962.62
633.703	13942.62
634.151	13912.62
634.599	13863.62
635.048	13784.62
635.496	13928.62
635.944	13809.62
636.392	13741.62
636.84	13724.62
637.288	13645.62
637.736	13638.62
638.184	13638.62
638.632	13533.62
639.08	13639.62
639.528	13535.62
639.976	13578.62
640.423	13617.62
640.871	13568.62
641.319	13350.62
641.767	13282.62
642.215	13293.62
642.662	13215.62
643.11	13271.62
643.558	13188.62
644.005	13154.62
644.453	13183.62
644.9	13106.62
645.348	13144.62
645.796	13123.62
646.243	13130.62
646.691	13285.62
647.138	13171.62
647.585	13008.62
648.033	12892.62
648.48	12906.62
648.928	12970.62
649.375	12857.62
649.822	12928.62
650.269	12836.62
650.717	12747.62
651.164	12836.62
651.611	12845.62
652.058	12592.62
652.505	12559.62
652.952	12553.62
653.4	12652.62
653.847	12829.62
654.294	12657.62
654.741	12571.62
655.188	12540.62
655.635	12509.62
656.081	12571.62
656.528	12511.62
656.975	12483.62
657.422	12504.62
657.869	12396.62
658.316	12354.62
658.762	12253.62
659.209	12133.62
659.656	12030.62
660.103	12135.62
660.549	12168.62
660.996	12193.62
661.443	12080.62
661.889	12021.62
662.336	12081.62
662.782	12076.62
663.229	12052.62
663.675	11987.62
664.122	11887.62
664.568	11841.62
665.014	11799.62
665.461	11828.62
665.907	11874.62
666.353	11657.62
666.8	11745.62
667.246	11726.62
667.692	11848.62
668.139	11715.62
668.585	11602.62
669.031	11622.62
669.477	11710.62
669.923	11386.62
670.369	11190.62
670.815	11277.62
671.261	11365.62
671.707	11371.62
672.153	11256.62
672.599	11077.62
673.045	11158.62
673.491	11093.62
673.937	11081.62
674.383	11041.62
674.829	10907.62
675.274	10801.62
675.72	10814.62
676.166	10892.62
676.612	10752.62
677.057	10759.62
677.503	10769.62
677.948	10803.62
678.394	10763.62
678.84	10621.62
679.285	10631.62
679.731	10481.62
680.176	10416.62
680.622	10354.62
681.067	10325.62
681.513	10311.62
681.958	10227.62
682.403	10046.62
682.849	10109.62
683.294	10006.62
683.739	10070.62
684.184	9943.62
684.63	9831.62
685.075	9887.62
685.52	9837.62
685.965	9828.62
686.41	9740.62
686.855	9847.62
687.301	9655.62
687.746	9701.62
688.191	9588.62
688.636	9554.62
689.081	9352.62
689.526	9487.62
689.97	9352.62
690.415	9262.62
690.86	9149.62
691.305	9299.62
691.75	9129.62
692.195	9054.62
692.639	9159.62
693.084	8991.62
693.529	8987.62
693.973	8922.62
694.418	8870.62
694.863	8967.62
695.307	8789.62
695.752	8605.62
696.196	8548.62
696.641	8629.62
697.085	8669.62
697.53	8537.62
697.974	8548.62
698.419	8328.62
698.863	8319.62
699.307	8404.62
699.752	8418.62
700.196	8428.62
700.64	8363.62
701.085	8166.62
701.529	8094.62
701.973	8095.62
702.417	8176.62
702.861	8114.62
703.305	8056.62
703.749	7934.62
704.193	8008.62
704.638	7894.62
705.082	8068.62
705.526	7912.62
705.969	7746.62
706.413	7712.62
706.857	7668.62
707.301	7729.62
707.745	7540.62
708.189	7445.62
708.633	7561.62
709.076	7509.62
709.52	7356.62
709.964	7417.62
710.407	7396.62
710.851	7517.62
711.295	7456.62
711.738	7351.62
712.182	7195.62
712.626	7252.62
713.069	7332.62
713.513	7214.62
713.956	7177.62
714.399	7116.62
714.843	7078.62
715.286	7153.62
715.73	7101.62
716.173	7107.62
716.616	7050.62
717.06	6967.62
717.503	7000.62
717.946	7032.62
718.389	6896.62
718.832	6901.62
719.276	6903.62
719.719	6732.62
720.162	6655.62
720.605	6730.62
721.048	6602.62
721.491	6641.62
721.934	6599.62
722.377	6417.62
722.82	6455.62
723.263	6402.62
723.706	6464.62
724.148	6468.62
724.591	6432.62
725.034	6445.62
725.477	6406.62
725.92	6426.62
726.362	6384.62
726.805	6372.62
727.248	6332.62
727.69	6373.62
728.133	6272.62
728.575	6200.62
729.018	6092.62
729.46	6167.62
729.903	6059.62
730.345	6033.62
730.788	6053.62
731.23	6033.62
731.673	5915.62
732.115	5987.62
732.557	5933.62
733	5852.62
733.442	5767.62
733.884	5757.62
734.327	5765.62
734.769	5712.62
735.211	5711.62
735.653	5736.62
736.095	5747.62
736.537	5644.62
736.979	5614.62
737.421	5632.62
737.863	5605.62
738.305	5535.62
738.747	5553.62
739.189	5639.62
739.631	5564.62
740.073	5575.62
740.515	5574.62
740.957	5454.62
741.399	5435.62
741.84	5423.62
742.282	5405.62
742.724	5335.62
743.166	5320.62
743.607	5325.62
744.049	5315.62
744.49	5296.62
744.932	5343.62
745.374	5254.62
745.815	5194.62
746.257	5201.62
746.698	5168.62
747.14	5146.62
747.581	5089.62
748.022	5131.62
748.464	5168.62
748.905	5094.62
749.346	5032.62
749.788	5111.62
750.229	5043.62
750.67	4988.62
751.111	4960.62
751.553	4939.62
751.994	4947.62
752.435	4949.62
752.876	4867.62
753.317	4873.62
753.758	4813.62
754.199	4775.62
754.64	4723.62
755.081	4697.62
755.522	4671.62
755.963	4641.62
756.404	4581.62
756.845	4502.62
757.285	4581.62
757.726	4597.62
758.167	4589.62
758.608	4506.62
759.048	4325.62
759.489	4390.62
759.93	4357.62
760.37	4319.62
760.811	4285.62
761.252	4336.62
761.692	4285.62
762.133	4319.62
762.573	4276.62
763.014	4224.62
763.454	4204.62
763.895	4262.62
764.335	4178.62
764.775	4139.62
765.216	4106.62
765.656	4090.62
766.096	4043.62
766.536	3946.62
766.977	4025.62
767.417	3980.62
767.857	3906.62
768.297	3885.62
768.737	3874.62
769.177	3910.62
769.617	3809.62
770.058	3832.62
770.498	3809.62
770.938	3652.62
771.377	3633.62
771.817	3647.62
772.257	3662.62
772.697	3664.62
773.137	3593.62
773.577	3616.62
774.017	3543.62
774.456	3432.62
774.896	3491.62
775.336	3413.62
775.776	3441.62
776.215	3451.62
776.655	3410.62
777.094	3421.62
777.534	3338.62
777.974	3302.62
778.413	3240.62
778.853	3289.62
779.292	3225.62
779.731	3152.62
780.171	3106.62
780.61	3203.62
781.05	3147.62
781.489	3082.62
781.928	3100.62
782.368	3111.62
782.807	3048.62
783.246	3038.62
783.685	3016.62
784.124	2934.62
784.564	2962.62
785.003	2928.62
785.442	2913.62
785.881	2864.62
786.32	2873.62
786.759	2878.62
787.198	2802.62
787.637	2822.62
788.076	2806.62
788.515	2767.62
788.953	2774.62
789.392	2729.62
789.831	2732.62
790.27	2679.62
790.709	2628.62
791.147	2638.62
791.586	2631.62
792.025	2642.62
792.463	2550.62
792.902	2580.62
793.341	2581.62
793.779	2573.62
794.218	2480.62
794.656	2514.62
795.095	2489.62
795.533	2489.62
795.971	2485.62
796.41	2496.62
796.848	2452.62
797.287	2401.62
797.725	2327.62
798.163	2336.62
798.601	2371.62
799.04	2393.62
799.478	2289.62
799.916	2284.62
800.354	2326.62
800.792	2263.62
801.23	2232.62
801.669	2264.62
802.107	2212.62
802.545	2205.62
802.983	2220.62
803.421	2144.62
803.858	2131.62
804.296	2142.62
804.734	2131.62
805.172	2144.62
805.61	2129.62
806.048	2129.62
806.485	2060.62
806.923	2090.62
807.361	2092.62
807.799	2056.62
808.236	2041.62
808.674	2051.62
809.112	2063.62
809.549	2038.62
809.987	2016.62
810.424	2002.62
810.862	1959.62
811.299	1965.62
811.737	1971.62
812.174	1910.62
812.611	1920.62
813.049	1917.62
813.486	1902.62
813.923	1898.62
814.361	1864.62
814.798	1846.62
815.235	1840.62
815.672	1847.62
816.109	1854.62
816.547	1824.62
816.984	1812.62
817.421	1760.62
817.858	1790.62
818.295	1769.62
818.732	1758.62
819.169	1775.62
819.606	1810.62
820.043	1747.62
820.48	1751.62
820.916	1711.62
821.353	1724.62
821.79	1725.62
822.227	1679.62
822.664	1683.62
823.1	1642.62
823.537	1633.62
823.974	1586.62
824.41	1601.62
824.847	1626.62
825.283	1617.62
825.72	1548.62
826.157	1605.62
826.593	1596.62
827.03	1560.62
827.466	1560.62
827.902	1571.62
828.339	1524.62
828.775	1532.62
829.211	1545.62
829.648	1531.62
830.084	1501.62
830.52	1439.62
830.957	1453.62
831.393	1469.62
831.829	1477.62
832.265	1442.62
832.701	1439.62
833.137	1456.62
833.573	1446.62
834.009	1428.62
834.445	1459.62
834.881	1441.62
835.317	1375.62
835.753	1373.62
836.189	1404.62
836.625	1356.62
837.061	1341.62
837.497	1367.62
837.932	1327.62
838.368	1323.62
838.804	1344.62
839.239	1297.62
839.675	1296.62
840.111	1269.62
840.546	1297.62
840.982	1268.62
841.418	1279.62
841.853	1236.62
842.289	1254.62
842.724	1235.62
843.159	1224.62
843.595	1217.62
844.03	1224.62
844.466	1231.62
844.901	1247.62
845.336	1199.62
845.772	1199.62
846.207	1193.62
846.642	1173.62
847.077	1168.62
847.512	1147.62
847.948	1141.62
848.383	1146.62
848.818	1127.62
849.253	1151.62
849.688	1114.62
850.123	1152.62
850.558	1077.62
850.993	1121.62
851.428	1072.62
851.863	1076.62
852.297	1077.62
852.732	1060.62
853.167	1027.62
853.602	1023.62
854.037	1035.62
854.471	994.62
854.906	1031.62
855.341	988.62
855.775	1024.62
856.21	1026.62
856.645	981.62
857.079	991.62
857.514	979.62
857.948	938.62
858.383	964.62
858.817	962.62
859.251	993.62
859.686	909.62
860.12	915.62
860.555	930.62
860.989	920.62
861.423	894.62
861.857	914.62
862.292	911.62
862.726	882.62
863.16	882.62
863.594	844.62
864.028	914.62
864.462	877.62
864.896	876.62
865.33	855.62
865.764	855.62
866.198	836.62
866.632	861.62
867.066	852.62
867.5	832.62
867.934	797.62
868.368	802.62
868.802	794.62
869.235	801.62
869.669	804.62
870.103	798.62
870.537	808.62
870.97	750.62
871.404	774.62
871.837	781.62
872.271	779.62
872.705	758.62
873.138	744.62
873.572	745.62
874.005	778.62
874.438	709.62
874.872	724.62
875.305	712.62
875.739	745.62
876.172	707.62
876.605	726.62
877.039	738.62
877.472	709.62
877.905	686.62
878.338	686.62
878.771	707.62
879.204	704.62
879.638	661.62
880.071	691.62
880.504	692.62
880.937	674.62
881.37	676.62
881.803	661.62
882.236	655.62
882.668	645.62
883.101	647.62
883.534	654.62
883.967	626.62
884.4	613.62
884.833	613.62
885.265	657.62
885.698	600.62
886.131	615.62
886.563	612.62
886.996	645.62
887.429	626.62
887.861	592.62
888.294	617.62
888.726	596.62
889.159	610.62
889.591	610.62
890.024	628.62
890.456	598.62
890.888	587.62
891.321	579.62
891.753	578.62
892.185	582.62
892.618	561.62
893.05	549.62
893.482	582.62
893.914	542.62
894.346	573.62
894.778	558.62
895.211	555.62
895.643	543.62
896.075	553.62
896.507	545.62
896.939	545.62
897.371	526.62
897.802	528.62
898.234	534.62
898.666	519.62
899.098	489.62
899.53	529.62
899.962	514.62
900.393	494.62
900.825	518.62
901.257	487.62
901.688	502.62
902.12	505.62
902.552	498.62
902.983	525.62
903.415	490.62
903.846	500.62
904.278	519.62
904.709	481.62
905.141	464.62
905.572	470.62
906.004	474.62
906.435	477.62
906.866	456.62
907.298	474.62
907.729	440.62
908.16	448.62
908.591	455.62
909.023	455.62
909.454	464.62
909.885	441.62
910.316	436.62
910.747	438.62
911.178	445.62
911.609	433.62
912.04	422.62
912.471	428.62
912.902	433.62
913.333	431.62
913.764	431.62
914.195	422.62
914.625	431.62
915.056	422.62
915.487	389.62
915.918	433.62
916.348	378.62
916.779	388.62
917.21	381.62
917.64	424.62
918.071	376.62
918.501	397.62
918.932	381.62
919.363	397.62
919.793	383.62
920.223	356.62
920.654	394.62
921.084	376.62
921.515	356.62
921.945	389.62
922.375	387.62
922.806	362.62
923.236	327.62
923.666	344.62
924.096	378.62
924.526	321.62
924.957	344.62
925.387	375.62
925.817	349.62
926.247	330.62
926.677	323.62
927.107	335.62
927.537	342.62
927.967	321.62
928.397	310.62
928.827	332.62
929.256	319.62
929.686	337.62
930.116	337.62
930.546	336.62
930.976	303.62
931.405	317.62
931.835	327.62
932.265	321.62
932.694	304.62
933.124	318.62
933.553	304.62
933.983	301.62
934.412	300.62
934.842	301.62
935.271	292.62
935.701	272.62
936.13	273.62
936.56	286.62
936.989	292.62
937.418	269.62
937.848	288.62
938.277	304.62
938.706	281.62
939.135	275.62
939.564	284.62
939.994	265.62
940.423	276.62
940.852	275.62
941.281	267.62
941.71	303.62
942.139	263.62
942.568	249.62
942.997	273.62
943.426	253.62
943.855	272.62
944.283	258.62
944.712	293.62
945.141	288.62
945.57	272.62
945.999	261.62
946.427	240.62
946.856	268.62
947.285	239.62
947.713	253.62
948.142	271.62
948.57	276.62
948.999	259.62
949.427	265.62
949.856	264.62
950.284	255.62
950.713	220.62
951.141	249.62
951.57	251.62
951.998	243.62
952.426	244.62
952.855	236.62
953.283	237.62
953.711	246.62
954.139	229.62
954.567	248.62
954.996	227.62
955.424	230.62
955.852	225.62
956.28	254.62
956.708	208.62
957.136	224.62
957.564	224.62
957.992	237.62
958.42	202.62
958.848	217.62
959.275	229.62
959.703	212.62
960.131	215.62
960.559	197.62
960.987	217.62
961.414	217.62
961.842	193.62
962.27	196.62
962.697	202.62
963.125	197.62
963.552	187.62
963.98	182.62
964.408	213.62
964.835	189.62
965.262	192.62
965.69	192.62
966.117	190.62
966.545	187.62
966.972	182.62
967.399	213.62
967.827	165.62
968.254	161.62
968.681	199.62
969.108	166.62
969.535	180.62
969.963	140.62
970.39	156.62
970.817	184.62
971.244	158.62
971.671	177.62
972.098	158.62
972.525	142.62
972.952	163.62
973.379	186.62
973.806	165.62
974.232	160.62
974.659	129.62
975.086	147.62
975.513	162.62
975.94	166.62
976.366	150.62
976.793	157.62
977.22	154.62
977.646	144.62
978.073	135.62
978.499	136.62
978.926	141.62
979.352	143.62
979.779	149.62
980.205	166.62
980.632	128.62
981.058	104.62
981.485	128.62
981.911	111.62
982.337	122.62
982.763	115.62
983.19	131.62
983.616	128.62
984.042	107.62
984.468	110.62
984.894	133.62
985.32	130.62
985.747	111.62
986.173	132.62
986.599	112.62
987.025	127.62
987.451	102.62
987.877	92.62
988.302	120.62
988.728	99.62
989.154	90.62
989.58	120.62
990.006	125.62
990.431	117.62
990.857	100.62
991.283	128.62
991.709	120.62
992.134	120.62
992.56	93.62
992.985	118.62
993.411	110.62
993.836	112.62
994.262	124.62
994.687	141.62
995.113	113.62
995.538	110.62
995.964	102.62
996.389	131.62
996.814	109.62
997.24	124.62
997.665	142.62
998.09	98.62
998.515	112.62
998.941	98.62
999.366	99.62
999.791	105.62
1000.216	109.62
1000.641	108.62
1001.066	102.62
1001.491	103.62
1001.916	103.62
1002.341	104.62
1002.766	108.62
1003.191	81.62
1003.616	89.62
1004.04	84.62
1004.465	102.62
1004.89	95.62
1005.315	100.62
1005.739	113.62
1006.164	101.62
1006.589	75.62
1007.013	90.62
1007.438	92.62
1007.863	72.62
1008.287	77.62
1008.712	79.62
1009.136	95.62
1009.561	73.62
1009.985	63.62
1010.409	82.62
1010.834	76.62
1011.258	54.62
1011.682	62.62
1012.107	81.62
1012.531	72.62
1012.955	62.62
1013.379	77.62
1013.804	79.62
1014.228	51.62
1014.652	62.62
1015.076	71.62
1015.5	80.62
1015.924	61.62
1016.348	55.62
1016.772	50.62
1017.196	74.62
1017.62	18.62
1018.044	55.62
1018.467	63.62
1018.891	64.62
1019.315	69.62
1019.739	62.62
1020.163	56.62
1020.586	52.62
1021.01	67.62
1021.434	45.62
1021.857	57.62
1022.281	24.62
1022.704	41.62
1023.128	59.62
1023.551	56.62
1023.975	45.62
1024.398	53.62
1024.822	32.62
1025.245	59.62
1025.668	52.62
1026.092	37.62
1026.515	59.62
1026.938	38.62
1027.361	27.62
1027.785	45.62
1028.208	35.62
1028.631	39.62
1029.054	41.62
1029.477	56.62
1029.9	65.62
1030.323	30.62
1030.746	41.62
1031.169	40.62
1031.592	45.62
1032.015	9.62
1032.438	26.62
1032.861	35.62
1033.284	55.62
1033.706	37.62
1034.129	32.62
1034.552	32.62
1034.975	23.62
1035.397	33.62
1035.82	40.62
1036.243	48.62
1036.665	21.62
1037.088	34.62
1037.51	38.62
1037.933	38.62
1038.355	34.62
1038.778	32.62
1039.2	32.62
1039.622	36.62
1040.045	11.62
1040.467	37.62
1040.889	28.62
1041.312	18.62
1041.734	12.62
1042.156	26.62
1042.578	30.62
1043	8.62
1043.423	13.62
1043.845	25.62
1044.267	13.62
1044.689	21.62
1045.111	15.62
1045.533	22.62
1045.955	17.62
1046.377	3.62
1046.798	5.62
1047.22	31.62
1047.642	-0.38
1048.064	8.62
1048.486	20.62
1048.907	17.62
1049.329	1.62
1049.751	3.62
1050.172	13.62
1050.594	5.62
1051.016	23.62
1051.437	6.62
1051.859	37.62
1052.28	20.62
1052.702	14.62
1053.123	14.62
1053.545	13.62
1053.966	0.62
1054.387	20.62
1054.809	38.62
1055.23	49.62
1055.651	8.62
1056.073	6.62
1056.494	15.62
1056.915	15.62
1057.336	3.62
1057.757	-9.38
1058.178	10.62
1058.599	0.62
1059.02	-2.38
1059.441	16.62
1059.862	15.62
1060.283	5.62
1060.704	8.62
1061.125	14.62
1061.546	2.62
1061.967	8.62
1062.388	-3.38
1062.808	10.62
1063.229	21.62
1063.65	-0.38
1064.07	-8.38
1064.491	29.62
1064.912	12.62
1065.332	6.62
1065.753	9.62
1066.173	8.62
1066.594	17.62
1067.014	-0.38
1067.435	5.62
1067.855	27.62
1068.276	-9.38
1068.696	-3.38
1069.116	0.62
1069.537	15.62
1069.957	1.62
1070.377	-5.38
1070.797	17.62
1071.218	1.62
1071.638	-2.38
1072.058	-0.38
1072.478	4.62
1072.898	-8.38
1073.318	1.62
1073.738	4.62
1074.158	1.62
1074.578	-1.38
1074.998	1.62
1075.418	2.62
1075.838	0.62
1076.257	9.62
1076.677	-1.38
1077.097	4.62
1077.517	7.62
1077.936	-4.38
1078.356	5.62
1078.776	6.62
1079.195	-6.38
1079.615	12.62
1080.034	7.62
1080.454	20.62
1080.874	0.62
1081.293	-9.38
1081.712	-1.38
1082.132	14.62
1082.551	-10.38
1082.971	-10.38
1083.39	46.62
1083.809	3.62
1084.228	-17.38
1084.648	7.62
1085.067	5.62
1085.486	2.62
1085.905	3.62
1086.324	4.62
1086.743	3.62
1087.162	-10.38
1087.581	-29.38
1088	-4.38
1088.419	1.62
1088.838	-17.38
1089.257	-8.38
1089.676	21.62
1090.095	-0.38
1090.514	-13.38
1090.933	-14.38
1091.351	5.62
1091.77	-11.38
1092.189	-17.38
1092.607	-0.38
1093.026	7.62
1093.445	9.62
1093.863	-16.38
1094.282	-8.38
1094.7	-12.38
1095.119	-10.38
1095.537	-21.38
1095.956	-4.38
1096.374	-0.38
1096.793	-29.38
1097.211	-3.38
1097.629	4.62
1098.047	-5.38
1098.466	-14.38
1098.884	2.62
1099.302	-6.38
1099.72	-2.38
1100.138	-4.38
1100.557	2.62
1100.975	11.62
1101.393	-18.38
1101.811	-9.38
1102.229	31.62
